187
89
109
170
252
94
65
210
29
115
139
198
142
60
132
222
17
123
107
184
171
197
208
175
102
35
163
112
66
160
216
42
245
213
137
100
59
1
215
153
101
147
230
181
24
221
47
3
159
219
178
202
105
253
118
162
199
49
5
82
244
37
203
69
140
95
87
38
96
22
152
195
237
52
247
246
206
242
149
207
200
176
44
179
238
79
20
135
75
62
169
146
177
40
167
241
58
81
93
13
154
249
212
34
8
113
196
21
57
158
63
19
90
116
74
46
70
233
72
43
231
128
86
148
120
189
239
248
111
217
188
92
130
106
18
243
141
194
229
15
84
27
129
97
185
193
88
76
126
166
31
236
172
117
227
25
33
224
10
143
2
64
61
0
186
255
144
156
226
78
11
114
234
228
41
209
14
161
138
9
190
23
145
174
28
180
173
36
155
39
232
16
91
103
26
83
122
182
54
150
164
151
108
183
77
127
99
53
168
240
133
56
191
211
235
134
73
201
71
131
223
121
250
6
254
225
48
157
85
12
192
67
55
7
32
136
205
80
51
104
218
124
4
45
119
220
214
98
204
68
165
110
251
50
30
125
